####################
# R course
# 
# Exercise 16
#
####################

pig.Weights <- c(
264.9, 273.5, 283.9, 278.9, 283.6, 268.2, 276.3, 275.7, 265.5, 258.6, 271.0, 287.4, 270.6, 258.1, 279.6, 282.6, 283.9, 277.7,
280.7, 263.8, 283.9, 285.7, 254.9, 283.6, 276.2, 266.1, 264.4, 284.4, 271.0, 261.5, 270.5, 257.0, 284.0, 259.4, 287.6, 281.0,
273.1, 262.5, 267.4, 253.1, 274.3, 288.4, 288.5, 288.5, 258.9, 278.6, 284.5, 255.1, 256.2, 286.5, 263.4, 275.6, 288.5, 278.7,
278.7, 271.3, 285.3, 256.8, 252.9, 268.0, 283.9, 282.7, 272.4, 279.8, 258.9, 253.8, 264.1, 280.9, 260.3, 256.2, 282.8, 260.7,
268.7, 255.8, 266.1, 271.7, 276.1, 264.9, 260.0, 263.7, 283.6, 258.8, 252.2, 254.6, 258.3, 262.7, 262.1, 256.3, 257.4, 273.1,
254.6, 258.6, 272.4, 282.0, 280.5, 256.1, 273.4, 269.9, 273.8, 275.3, 286.1, 268.0, 262.1, 274.7, 253.8, 260.7, 258.9, 265.8,
253.2, 278.3, 268.0, 280.3, 252.4, 281.2, 251.9, 287.3, 271.2, 254.7, 278.8, 281.9, 273.5, 251.4, 252.4, 253.2, 263.8, 277.9,
265.9, 273.7, 280.8, 281.6, 262.4, 273.9, 279.6, 267.9, 278.7, 264.8, 269.2, 258.6, 271.7, 264.2, 282.9, 261.0, 275.6, 261.7,
258.3, 286.5, 271.0, 267.4, 284.7, 272.3
)
