####################
# R course
# 
# Exercise 17
#
####################

pig.Weights <- c(
311.7, 323.7, 313.4, 290.2, 304.1, 315.1, 288.9, 295.0, 306.6,
310.7, 289.4, 302.5, 314.0, 294.6, 288.9, 319.4, 310.0, 313.9,
323.1, 322.2, 304.6, 319.9, 305.0, 321.0, 318.2, 298.7, 300.2,
303.7, 297.0, 317.8, 302.0, 288.1, 295.1, 300.0, 315.7, 312.5,
323.5, 319.2, 309.6, 290.8, 304.4, 298.5, 314.5, 296.1, 304.5,
319.9, 314.9, 293.2, 300.0, 292.5
)
