####################
# R course
# 
# Exercise 12
####################

m1 <- 23
m2 <- 77
m3 <- 56

p1 <- c(10, 43, 25)
p2 <- c(8, -55, 2)
p3 <- c(7, 7, 8)

pmid <- m1 * p1 + m2 * p2 + m3 * p3 
pmid <- pmid / (m1 + m2 + m3)
